----
19|1|JanBannink|1675676116
20|2|JanBannink|1675676178
29|1|djactor|1675676324
22|2|JanBannink|1675676772
30|1|djactor|1675676835
18|2|JanBannink|1675676884
37|1|djactor|1675676925
31|2|JanBannink|1675677017
21|1|djactor|1675677094
43|2|JanBannink|1675677225
44|1|djactor|1675677335
45|2|JanBannink|1675677449
10|1|djactor|1675677549
1|2|JanBannink|1675677612
39|1|djactor|1675677686
47|2|JanBannink|1675677769
23|1|djactor|1675677833
15|2|JanBannink|1675677952
26|1|djactor|1675678063
25|2|JanBannink|1675678255
42|1|djactor|1675678306
13|2|JanBannink|1675678387
11|1|djactor|1675678446
3|2|JanBannink|1675678510
12|1|djactor|1675678583
