----
19|1|djactor|1675611543
34|2|DismissedGuy|1675611653
42|1|djactor|1675611685
20|2|DismissedGuy|1675611749
37|1|djactor|1675611817
44|2|DismissedGuy|1675611964
26|1|djactor|1675612063
18|2|DismissedGuy|1675612659
21|1|djactor|1675613932
50|2|DismissedGuy|1675615385
33|1|djactor|1675616426
32|2|DismissedGuy|1675617764
25|1|djactor|1675617889
22|2|DismissedGuy|1675638890
41|1|djactor|1675667399
40|2|DismissedGuy|1675669829
58|1|djactor|1675669893
24|2|DismissedGuy|1675670133
52|1|djactor|1675670347
43|2|DismissedGuy|1675670454
11|1|djactor|1675670623
60|2|DismissedGuy|1675670860
29|1|djactor|1675671882
3|2|DismissedGuy|1675671972
23|1|djactor|1675672023
14|2|DismissedGuy|1675672202
5|1|djactor|1675672264
7|2|DismissedGuy|1675672366
17|1|djactor|1675672422
16|2|DismissedGuy|1675672507
10|1|djactor|1675672547
51|2|DismissedGuy|1675672723
12|1|djactor|1675672786
2|2|DismissedGuy|1675672839
53|1|djactor|1675672971
38|2|DismissedGuy|1675673048
30|1|djactor|1675673089
31|2|DismissedGuy|1675673170
39|1|djactor|1675673209
46|2|DismissedGuy|1675673885
13|1|djactor|1675673967
15|2|DismissedGuy|1675674020
45|1|djactor|1675674086
