----
19|1|djactor|1675686090
34|2|DismissedGuy|1675686122
44|1|djactor|1675686163
37|2|DismissedGuy|1675686221
46|1|djactor|1675686255
11|2|DismissedGuy|1675686294
33|1|djactor|1675686375
45|2|djactor|1675686458
53|1|djactor|1675686491
29|2|DismissedGuy|1675686587
20|1|DismissedGuy|1675686650
43|2|DismissedGuy|1675686736
18|1|DismissedGuy|1680126310
21|2|Elsie19|1689901853
13|1|DismissedGuy|1690369528
47|2|biemster|1707762220
3|1|malmeloo|1709389342
61|2|djactor|1711571012
51|1|malmeloo|1711571515
5|2|djactor|1711571657
30|1|ivanikonomov|1715208916
42|2|djactor|1730121699
6|1|malmeloo|1741034158
7|2|malmeloo|1741034387
22|1|manigohan|1751616360
60|2|syphax|1756256115
52|1|lnminh1411|1757074533
23|2|AsherMorse|1759452970
